0,1,2,3,4
0.57611,0.7700600000000001,0.86472,0.029012,0.028741000000000003
0.61455,0.63097,0.9557899999999999,0.024319999999999998,0.00086625
1.5993,0.27703,0.17699,0.024233,0.006423300000000001
0.88721,1.0057,0.9633799999999999,0.026039999999999997,0.0033437
1.4093,0.66305,0.6823600000000001,0.025243,0.014838999999999998
1.2414,0.70511,0.14754,0.027086000000000002,0.0011779000000000002
0.5635100000000001,0.47894,0.3285,0.025738,0.038855
1.5575,0.81688,0.59688,0.023771,0.024669
0.92151,0.47833000000000003,1.0075,0.025554,0.03098
0.9825799999999999,0.35720999999999997,1.0149,0.021972,0.046444
1.2667,0.36955,0.20761,0.028133999999999996,0.025274
1.4918,0.9597399999999999,1.0206,0.027306999999999998,0.04427
1.2558,0.79422,1.0072,0.025179,0.01469
0.99829,0.7436699999999999,0.53538,0.029572,0.034039
1.5354,0.19498,0.8502799999999999,0.02327,0.041462
1.0897,0.12546,0.19189,0.020515000000000002,0.049319
0.75481,0.38171,0.47176,0.028255000000000002,0.043292000000000004
0.47297,0.43135,0.9657399999999999,0.022971000000000002,0.044496
0.82014,0.32976,0.84221,0.026075,0.028252999999999997
0.9505600000000001,0.9854799999999999,1.0095,0.027231,0.013143
1.0923,1.0341,0.7057399999999999,0.027837999999999998,0.028921
1.3492,0.32589,0.085712,0.021655,0.041158
1.2156,0.80757,0.8991299999999999,0.023066999999999997,0.0098165
0.60706,0.24745,0.9839899999999999,0.0239,0.0089012
1.5801,0.35934,0.7287399999999999,0.029823000000000002,0.0087229
1.4369999999999998,0.16856,0.80774,0.022889,0.029608
0.57725,0.5847,0.79313,0.022231,0.018975
0.77093,0.40171,0.44223,0.02161,0.0098588
1.3015,0.77308,0.70548,0.025988999999999998,0.047613
1.3141,0.9445399999999999,0.22119,0.02238,0.0021089000000000004
1.2907,0.75285,0.75605,0.027091000000000004,0.033225
1.5239,0.16479000000000002,0.081833,0.023527,0.049802
1.3239,0.18688,0.32692,0.028979,0.04891
1.5003,0.64705,0.096171,0.023663,0.032292
1.556,0.86236,0.14712999999999998,0.029069,0.0233
1.0031,0.5456,0.87346,0.028217000000000002,0.038948
0.73388,0.8670200000000001,0.74483,0.024617,0.048570999999999996
0.6059399999999999,0.30205,0.3671,0.022389,0.019806
0.9253899999999999,0.37790999999999997,1.0002,0.022185,0.047806
0.63564,0.17148,0.48873999999999995,0.023327,0.036261
0.54164,0.80402,0.43156000000000005,0.024171,0.021953
1.5549,0.2103,0.81552,0.027461000000000003,0.018182
1.5412,0.9092399999999999,0.8452,0.021306,0.013191999999999999
0.54601,0.9037799999999999,0.23686999999999997,0.025800999999999998,0.046377
1.1468,0.55005,0.53976,0.026833,0.01881
1.0573,0.13225,0.49559,0.022711000000000002,0.00757
0.49204,0.33211999999999997,0.69631,0.026351999999999997,0.045093
1.3932,0.46311,0.75936,0.027333999999999997,0.047626
0.64579,0.70922,0.80469,0.028376,0.031037000000000002
0.54151,0.85919,0.32603000000000004,0.024544,0.0031059
0.6052,0.44123,0.7297,0.025052,0.012494
1.0055,0.40138,0.7051,0.021619,0.010648999999999999
1.1913,0.96205,0.21261,0.021096,0.016881
0.9295200000000001,0.35226,0.16899999999999998,0.022899,0.029193
0.97146,0.57076,0.5483600000000001,0.028766000000000003,0.046807
0.42298,0.39379000000000003,1.0097,0.027681,0.038415
1.4121,0.81838,0.39039,0.021129,0.0083236
0.65184,0.42188000000000003,0.63527,0.029636000000000003,0.014235
0.82016,0.46523000000000003,0.8012699999999999,0.029532999999999997,0.029319
0.62157,0.34965,0.3051,0.025194,0.036562
1.4223,0.20955,0.55596,0.0217,0.0069827
1.3840000000000001,0.12623,0.74908,0.025994,0.025046000000000002
1.263,0.51018,0.9409,0.021644,0.034553
0.59046,0.46198999999999996,1.0093,0.020809,0.0078388
0.58182,0.28409,0.59722,0.020734,0.00062916
0.70302,0.8234600000000001,0.18862,0.025558,0.045788999999999996
1.551,0.44761999999999996,0.19929000000000002,0.029712,0.043804
1.0329,0.21696,0.30751,0.021601,0.023530000000000002
1.0848,0.5643199999999999,0.8907200000000001,0.029126,0.027079000000000002
0.9319799999999999,0.79435,0.8642799999999999,0.024236,0.010167
0.82701,0.36474,0.29352,0.024402,0.046075
1.354,0.24748,0.97926,0.027763999999999997,0.015371000000000001
1.4518,1.0332,0.39998,0.029424000000000002,0.023775
1.5616,0.9737299999999999,0.2466,0.029153,0.027694
1.4825,0.43525,0.30108,0.029692000000000003,0.018709
1.3692,0.98039,0.66604,0.028038,0.025966000000000003
0.92448,0.26028,0.5232899999999999,0.029568999999999998,0.019302
0.71714,0.48718,0.8808299999999999,0.028877999999999997,0.039724
0.50952,0.14944000000000002,0.63526,0.022437000000000002,0.04649
0.9726899999999999,0.46953999999999996,0.59972,0.029944,0.021637
1.3721,0.1352,0.96719,0.020613,0.028914
0.5805100000000001,0.60839,0.33584,0.023499000000000003,0.049689
1.5119,0.26033,0.8072,0.028029000000000002,0.027989
0.9087299999999999,0.76202,0.80373,0.021299000000000002,0.010625
0.7496,0.87371,0.43045,0.022738,0.041233
0.86641,0.78874,0.61782,0.021764,0.028745999999999997
0.85072,0.35804,0.12585,0.027937,0.045196
1.2343,0.18819,0.10395,0.020758000000000002,0.021418
0.63889,0.34589000000000003,0.5808,0.026007,0.0030507
0.57839,0.33526,0.8291700000000001,0.024287,0.013434999999999999
0.81698,0.58803,0.98401,0.02187,0.047609
1.4942,0.56968,0.17991,0.024983,0.04817
1.3009,0.97239,0.61882,0.029813,0.045699000000000004
1.1774,0.17251,0.51939,0.026644,0.012965
1.1125,0.29304,0.21218,0.025308,0.010794
0.72325,0.37255,0.8442799999999999,0.028051,0.033162
0.8857,0.35339,0.36122,0.024659,0.028314999999999996
1.3542,0.36599,0.57853,0.023671,0.046294
0.9181799999999999,0.19846,0.21565,0.022012999999999998,0.015572999999999998
0.5119100000000001,0.71208,0.65198,0.026217,0.012965
0.51588,0.9045200000000001,0.31296999999999997,0.025023,0.020437999999999998
0.47335,0.29441,0.70408,0.029233,0.039608
0.53404,0.46016999999999997,0.73921,0.023818000000000002,0.023828
1.3671,0.65378,0.79815,0.020918,0.020553000000000002
0.75949,0.38798,0.50054,0.024078,0.037597000000000005
1.4444,0.83767,0.13382,0.023632,0.028158999999999997
0.8195399999999999,0.33771999999999996,0.27898,0.023083000000000003,0.047991000000000006
0.90384,0.26661999999999997,0.96334,0.027604000000000004,0.010754000000000001
1.4604,0.80838,0.87582,0.02663,0.044255
1.5473,1.0245,0.58834,0.029443,0.040214
1.5186,0.78888,1.0461,0.024271,0.021207
0.9341,0.9074399999999999,0.12818,0.025601,0.0024327
1.5097,0.37488,0.49268,0.027781999999999998,0.024114
1.4409999999999998,0.55769,0.15665,0.022213,0.023436000000000002
0.9486600000000001,0.9292799999999999,1.0119,0.027454000000000003,0.04863
1.0825,0.20143,0.054634,0.021044,0.021144999999999997
0.52035,0.5233899999999999,0.82491,0.025519,0.007483
1.4616,0.17597000000000002,0.8673,0.028926999999999998,0.0025208
1.3741,0.79745,0.91869,0.020861,0.045004
1.3873,0.3626,0.13444,0.027999,0.025868000000000002
1.217,0.26524000000000003,0.44978,0.025446,0.035302999999999994
1.5824,0.16218,0.30987,0.02532,0.021285
1.5896,0.27074000000000004,0.8500700000000001,0.02458,0.047456
0.7973100000000001,0.53694,0.48141000000000006,0.022545,0.035789
0.72416,0.95586,0.96065,0.023191,0.031195999999999998
1.2553,0.9521799999999999,0.23185,0.020762,0.042355000000000004
1.0989,0.53825,0.3138,0.027816000000000004,0.009693299999999998
0.82016,0.33847,0.19554000000000002,0.028738,0.021435
0.9948,0.55665,0.18607,0.028179000000000003,0.0363
0.8876200000000001,0.32677,0.9192899999999999,0.020881999999999998,0.035009
1.2597,0.27413000000000004,0.6297,0.02056,0.0036482
1.305,0.73937,0.5998600000000001,0.022871000000000002,0.041269
1.0070000000000001,0.18938,0.19495,0.026989,0.0082141
1.3253,0.83414,0.9030299999999999,0.02284,0.026772000000000004
1.2338,0.3561,0.67206,0.028263,0.040796
1.3019,0.35364,0.40095,0.028874,0.0026634000000000002
0.9365100000000001,0.28717,0.56325,0.026264,0.0012479000000000001
1.5186,0.85859,0.45181000000000004,0.026108999999999997,0.0013038
0.90374,0.78289,0.12597,0.020342,0.030363
1.0413,0.13035,0.28991999999999996,0.026652,0.023535
1.4609,0.59005,0.17332,0.024891,0.0155
0.62797,0.73048,0.28995,0.024546000000000002,0.027954000000000003
1.062,0.54628,0.46726999999999996,0.028377,0.044357
1.1013,0.88344,0.09965399999999999,0.028480000000000002,0.03341
0.6764,0.25131,0.9527200000000001,0.029501,0.00063328
0.48418,0.31884,0.99479,0.023677,0.030258999999999998
0.70386,0.7381300000000001,0.54086,0.0266,0.011973000000000001
0.53125,0.69016,0.53925,0.028562999999999998,0.044025
0.9645600000000001,0.35528000000000004,0.95005,0.029774000000000002,0.030151999999999998
1.5042,0.4164,0.41925,0.027591,0.047264
1.0036,0.8846,0.83025,0.028227999999999996,0.0001712
0.7821,1.0253,0.43973999999999996,0.024832,0.026586000000000002
0.8782,0.55971,0.29169,0.029339999999999998,0.032388
0.70399,0.9903799999999999,0.45391000000000004,0.028022000000000002,0.006305300000000001
0.83929,0.74788,0.14645,0.027418,0.043854000000000004
0.84572,0.69685,0.18197,0.026787000000000002,0.032943
1.1826,0.7166399999999999,0.99205,0.027241,0.028194999999999998
1.1597,0.1503,1.0061,0.021041,0.03982
1.4339,0.39521999999999996,0.62521,0.029118,0.017913
1.3840000000000001,0.8530700000000001,0.28478000000000003,0.021082,0.014687
1.208,0.35236,0.40316,0.025558,0.031099
0.9930100000000001,0.9090299999999999,0.8711899999999999,0.020296,0.027565
1.1703,0.9770399999999999,0.69912,0.020345,0.021863999999999998
0.70682,0.25943,0.78172,0.02396,0.0236
1.1809,0.63585,0.69775,0.027506,0.019074
0.41617,0.92632,0.50092,0.020609,0.025552000000000002
1.2997,0.23879,0.59701,0.025713,0.016071000000000002
0.5411600000000001,0.7903600000000001,0.34631999999999996,0.028273000000000003,0.035599
1.3019,1.0082,0.79469,0.025751,0.047173
0.653,0.55947,0.23895999999999998,0.028645,0.028986
1.575,0.26356999999999997,0.73678,0.025389,0.026623
1.5233,0.26684,0.41848,0.023756,0.016347999999999998
0.91775,0.63253,0.67562,0.020309999999999998,0.026681
0.69822,0.4311,0.8302299999999999,0.029192000000000003,0.017963999999999997
1.3139,0.64718,0.13113,0.020172,0.037356
0.67519,0.25004,0.97939,0.022792,0.016937999999999998
1.0783,0.22523,0.82571,0.02364,0.016125
1.5856,0.39925,0.53679,0.029351,0.045698
1.5897,0.74584,0.48586,0.027579000000000003,0.034735
0.66664,0.42806000000000005,0.49678,0.024973,0.031401
1.4531,0.4929,0.35635,0.023459,0.047133999999999995
1.3765,0.43318,0.5585100000000001,0.020562999999999998,0.0080521
1.2178,0.4888,0.56077,0.029133999999999997,0.037261
1.0099,0.43451999999999996,0.8676299999999999,0.029636000000000003,0.037849
1.3148,0.8127800000000001,0.84483,0.029042000000000002,0.011209
1.3694,0.8363700000000001,0.6943199999999999,0.029162,0.039563
1.5419999999999998,0.72558,0.42861000000000005,0.028107,0.044317
1.1269,0.9436899999999999,0.8615799999999999,0.027449,0.024278
0.76488,0.59133,0.5828300000000001,0.026212,0.035095999999999995
1.4956,0.8677799999999999,0.40073000000000003,0.028533,0.013706
1.5457,0.9420200000000001,0.9890000000000001,0.021016999999999997,0.040736
0.6587,0.76337,0.92594,0.025322,0.027982999999999997
1.4933,0.50707,0.60016,0.023221000000000002,0.031226
0.9000799999999999,0.23141,0.67248,0.027363,0.045866000000000004
1.203,0.49363,0.6370399999999999,0.022337,0.026771
1.3225,0.48333999999999994,0.25774,0.020613,0.022061
1.4135,0.23565,0.35125,0.023474000000000002,0.0070485
1.1941,0.53591,0.5209199999999999,0.022078999999999998,0.035174000000000004
1.0039,0.64576,0.28049,0.022755,0.014244
0.59083,1.0269,0.89431,0.029615,0.020355
0.8729899999999999,0.29877,0.27592,0.024274,0.004964100000000001
0.88284,0.78862,0.27766,0.02341,0.04361
1.351,0.35925999999999997,0.4857,0.028004,0.025209
1.0065,0.8763700000000001,0.3611,0.023208000000000003,0.011877
1.3928,0.2184,0.9733799999999999,0.026933999999999996,0.024738999999999997
0.6569699999999999,0.48235,0.48021,0.027551,0.015340000000000001
1.4836,0.86964,0.23481999999999997,0.024117,0.034648000000000005
1.0996,0.45064,0.95488,0.025012,0.043327
1.2416,0.39449,1.0297,0.021052,0.041986
0.8408200000000001,0.9628399999999999,0.48886999999999997,0.029866000000000004,0.030056
1.2101,0.49988999999999995,0.16112,0.023467,0.029268000000000002
1.5773,0.19205,0.30806,0.022656,0.011857
1.3343,0.81177,0.45871999999999996,0.026118000000000002,0.015141
0.65959,0.56905,0.6449,0.021761000000000003,0.0047137
0.7205699999999999,0.18586,0.31221,0.025230000000000002,0.042076999999999996
1.2365,0.33865,0.65284,0.028631999999999998,0.049397
0.49528999999999995,0.26643,0.76122,0.020534,0.043352999999999996
1.1067,0.89754,0.27175,0.026316000000000003,0.043391000000000006
1.0999,0.51113,0.16742,0.021199000000000003,0.023530000000000002
0.81443,0.17811,0.34668000000000004,0.029544,0.0052861
0.48336999999999997,0.7592,0.36878,0.024128999999999998,0.012691
1.0609,0.8507600000000001,0.47417,0.026126999999999997,0.044308999999999994
0.57128,0.90655,0.55786,0.023185,0.021118
0.9030100000000001,0.64861,0.13552,0.026773,0.014099
1.5347,0.28893,0.31248000000000004,0.021892,0.019434
1.1662,0.58545,0.85101,0.023927,0.015865
1.0979,0.46157,0.07922,0.022213999999999998,0.022816
0.72975,0.87325,0.97885,0.024388,0.016380000000000002
0.8676,1.0144,0.78033,0.023753,0.00034632
1.1766,0.76437,0.53861,0.028391000000000003,0.048931
0.5817399999999999,0.97245,0.62853,0.024426,0.03143
1.3891,0.43298000000000003,0.28728000000000004,0.029858,0.039445
0.85175,0.35913,0.50885,0.026811,0.017381
1.1097,0.13379000000000002,1.0131,0.02426,0.048019
1.2343,0.32065,0.5968100000000001,0.022119,0.018417
0.6582,0.47071999999999997,0.57114,0.028376,0.0064794
1.1396,0.7935399999999999,0.28159,0.021230000000000002,0.024567
1.5057,0.6805,0.5389,0.021366,0.0098531
1.3888,0.93,0.67406,0.023237,0.013028
1.0219,0.82831,0.72914,0.026389999999999997,0.036885
0.60459,0.8539700000000001,0.44551999999999997,0.025848000000000003,0.039372000000000004
0.9676799999999999,0.83452,1.038,0.022196,0.019229
1.2629,0.91763,0.9351700000000001,0.025573,0.035267
0.44753000000000004,0.5341199999999999,0.96329,0.027089,0.041807
0.7840199999999999,0.29736,0.8461799999999999,0.023202,0.028245
1.0618,0.32696,0.31187,0.029697,0.02021
1.3536,0.7374,0.72973,0.024987,0.018341
1.4215,0.97167,0.18655,0.023663,0.025092
0.62873,0.63398,0.77123,0.02658,0.016935
1.4556,0.83491,0.15675999999999998,0.026723,0.037333
1.5181,0.40003,0.70376,0.0242,0.026633999999999998
1.1181,0.90807,0.5441699999999999,0.027231,0.027631
0.9299,0.13892000000000002,0.82905,0.022680000000000002,0.012332
0.6056,0.12567,0.7650399999999999,0.020316,0.011018
1.392,0.29953,0.9537200000000001,0.022846,0.015885
1.5682,0.9770399999999999,0.9409200000000001,0.02304,0.026844
0.5201899999999999,0.96047,0.38416,0.028422000000000003,0.041915
1.3592,0.22543000000000002,0.74875,0.025327000000000002,0.025172999999999997
1.2196,0.59058,0.24781,0.025377,0.031752999999999997
0.81434,0.2128,0.7940699999999999,0.026124,0.0071286000000000006
1.0566,0.92956,0.55002,0.021532,0.0318
0.9920399999999999,0.9907600000000001,0.52992,0.022805000000000002,0.038321
1.0804,0.66703,0.9547200000000001,0.02174,0.031239
1.585,0.37786,0.65987,0.02443,0.049206
1.5231,0.29641,0.66767,0.024605000000000002,0.043343
1.5007,0.7922,0.9094399999999999,0.02705,0.033218
0.48901999999999995,0.5239699999999999,0.85549,0.029479,0.0072124
0.8520399999999999,0.45027,0.6267199999999999,0.028255000000000002,0.048092
1.4985,0.81755,0.23292,0.027842000000000002,0.036883
1.0833,0.44965,0.28993,0.029248000000000003,0.0048273000000000005
1.148,0.70457,0.9365100000000001,0.025647000000000003,0.035002
1.0283,0.5302600000000001,0.07867400000000001,0.023847,0.024089
0.9993799999999999,0.40745,0.5399,0.025773,0.019147
1.371,0.6821,1.0287,0.020288,0.0062581
0.9265,0.64337,0.76269,0.022894,0.044868
1.4505,0.67415,0.55047,0.029814,0.017884999999999998
0.44001999999999997,0.69258,0.5210899999999999,0.027956,0.027583
1.4683,0.9030299999999999,0.10962000000000001,0.023971,0.029592
1.0935,0.73415,0.73197,0.026257,0.043006
1.319,0.16660999999999998,0.092431,0.023293,0.032645
1.3504,0.90546,0.57165,0.024418000000000002,0.031904
0.94721,0.98487,0.86815,0.029924,0.020702
0.78587,0.74629,0.86755,0.028225999999999998,0.022119999999999997
0.65965,0.25545,0.77244,0.022578,0.020365
1.2174,0.31201999999999996,0.7096100000000001,0.021237,0.004755
1.4781,0.32366,0.5685899999999999,0.022668999999999998,0.024346
0.47927,1.0078,1.023,0.022516,0.006723399999999999
1.0898,0.8545799999999999,0.69899,0.021854,0.013432
0.6648,0.5233800000000001,0.8503299999999999,0.027496,0.027583
0.56038,0.8785200000000001,0.5038,0.028085000000000002,0.017849
0.75334,0.16312000000000001,0.48239,0.029738,0.034813
0.72755,0.96498,0.87531,0.023824,0.034574
0.97372,0.97049,0.18317,0.024756,0.0015184
0.8454,0.71082,0.44093999999999994,0.024928,0.021999
0.97793,0.15409,0.8813799999999999,0.02889,0.0085331
0.6212300000000001,0.43112,0.85336,0.025444,0.019025
1.5858,0.39709,0.44926000000000005,0.020853,0.0054652
1.4641,0.49868999999999997,0.5768800000000001,0.021746,0.034950999999999996
0.78123,0.61102,0.4668,0.020142,0.025533
0.7044,0.74026,0.70686,0.020023,0.035202
1.297,0.61721,0.67797,0.023515,0.038658
1.1093,0.71595,0.34198,0.027862,0.030438
1.389,0.60502,0.48165,0.022715,0.0012328
0.48849,0.46182,1.0341,0.020051,0.0078212
1.3261,0.6895899999999999,0.21716999999999997,0.023806,0.013263999999999998
0.80503,0.74503,0.15622,0.02225,0.040253
0.49598000000000003,0.35677,0.42241000000000006,0.025416,0.031047
0.73463,0.45858000000000004,0.24811999999999998,0.024331000000000002,0.033944999999999996
0.80476,0.38744,0.53969,0.022293,0.015728
0.79492,0.88046,0.38949,0.0289,0.029797000000000004
1.2726,0.32918000000000003,1.0016,0.022794,0.042763
0.41995,0.46667,0.9703299999999999,0.021496,0.029033999999999997
1.2138,0.38834,0.78786,0.02476,0.01941
0.79077,0.48681,0.31911999999999996,0.020748,0.011531
1.1775,0.76657,0.47284,0.024824000000000002,0.040795
0.40263000000000004,0.81624,0.59787,0.021108000000000002,0.016806
0.65253,0.44868,0.99274,0.026532999999999998,0.016992
1.123,0.6594899999999999,0.46774,0.023686000000000002,0.030802
0.9864200000000001,0.6381399999999999,1.0331,0.026761,0.0028114999999999998
1.4362,0.12899000000000002,0.35145,0.026625,0.024536000000000002
1.3307,0.16483,0.7511,0.029135,0.042479
0.9134700000000001,0.80801,0.71634,0.028808999999999998,0.027535000000000004
0.44926000000000005,0.71081,0.58913,0.023618,0.036719999999999996
0.79335,0.34828000000000003,0.74811,0.020159,0.036102999999999996
1.4667,0.8129,0.71653,0.020256,0.023417
1.0642,0.94205,0.22813000000000003,0.025009,0.0091124
0.9211799999999999,0.77535,0.17801,0.026519,0.001547
1.273,0.85864,1.0491,0.026063,0.010934000000000001
0.6410100000000001,0.72037,0.22111999999999998,0.021769999999999998,0.042862
1.2939,0.45743,0.6112,0.028147000000000002,0.019038
1.5356,0.23235,0.9318700000000001,0.025238999999999998,0.012933000000000002
1.1081,0.71672,0.71918,0.028475999999999998,0.019972
1.5405,1.0149,0.41891999999999996,0.021588999999999997,0.026864999999999997
0.46065,0.3735,0.51073,0.022503,0.01589
0.69645,0.35408,1.0316,0.020479,0.028097000000000004
1.085,0.7966,0.9055200000000001,0.027344999999999998,0.02502
1.036,0.3561,0.69476,0.02841,0.024722
1.016,0.78381,0.42627,0.026069,0.017240000000000002
0.8328700000000001,0.44998,0.24092,0.029836,0.0093682
0.61575,0.37928,0.47825,0.027272,0.01456
0.79264,0.46068000000000003,0.5320199999999999,0.029736000000000002,0.018764
1.4041,0.9765799999999999,0.17060999999999998,0.025914999999999997,0.015763
0.9450700000000001,0.5362399999999999,0.63951,0.026266,0.042635
1.0629,0.40484000000000003,0.27619,0.029742,0.034511
1.1715,0.69877,0.43462,0.020697,0.049116
1.2515,0.2599,0.6329899999999999,0.022226,0.0081256
1.0484,0.43642,0.30180999999999997,0.020302,0.01226
1.0893,0.46856000000000003,0.34044,0.023005,0.021657
0.50773,0.23284000000000002,0.66709,0.023879,0.017736000000000002
1.3141,0.6755899999999999,0.31528,0.02843,0.029039
0.96162,0.7520399999999999,0.8743799999999999,0.026119999999999997,0.014963999999999998
1.0958,0.17442,1.0327,0.029063,0.013212999999999999
0.47983000000000003,0.20845,0.78025,0.024983,0.012348
1.3627,0.66391,0.39388,0.027155000000000002,0.0018571999999999998
1.4872,0.60333,0.63407,0.020844,0.021909
1.3896,0.5954,0.95631,0.024093,0.043138
0.40961000000000003,0.13314,0.92965,0.025845,0.030562
1.3764,0.2118,0.8677600000000001,0.027214999999999996,0.014915000000000001
0.9314100000000001,0.26753000000000005,0.31073,0.024617,0.045485000000000005
1.2368,0.2003,0.64436,0.026683999999999996,0.026482
0.9566600000000001,0.81266,0.072513,0.023044,0.034301
0.97244,1.0355,0.47526,0.024501,0.0081261
0.68674,0.23365999999999998,0.36272,0.022914,0.0034334000000000005
1.3028,0.65552,0.22876999999999997,0.025256999999999998,0.007855500000000001
1.3868,0.33346,0.47289,0.027707,0.0058763
1.1768,0.70285,0.14423,0.025307,0.046215
1.5218,0.49783,0.64852,0.026612,0.02487
1.1185,0.9013399999999999,0.5209199999999999,0.022076,0.018355
0.81723,0.58068,0.74595,0.027542,0.046612
0.8422799999999999,0.65975,0.74989,0.021913,0.010366
1.297,0.5372899999999999,0.68853,0.020474000000000003,0.047122000000000004
1.0542,0.46062,0.083604,0.025011000000000002,0.039715
1.2369,0.8607799999999999,0.3696,0.024857,0.019327
1.1634,0.2822,0.58086,0.023237999999999998,0.007424200000000001
0.9405399999999999,0.32375,0.70445,0.020751,0.023269
1.3107,0.74469,0.45761999999999997,0.025185,0.018963999999999998
1.2623,0.31231,0.86998,0.020377000000000003,0.0029497
0.6515,0.94542,0.76836,0.028418000000000002,0.0094488
1.3761,0.16646,1.0186,0.025968,0.029965
0.52463,0.75239,0.58133,0.025912,0.021154
0.73623,0.43043000000000003,0.37515,0.023952,0.013863999999999998
1.3141,0.46581000000000006,0.15563,0.029222,0.046518000000000004
1.4177,0.13513,0.66096,0.028886000000000002,0.019803
1.1386,0.65573,0.8288,0.028957,0.031642
1.0739,1.015,0.47345,0.028531,0.025091
1.1949,0.44716000000000006,0.14082,0.02529,0.049053
1.1244,0.39663000000000004,0.31647,0.027069,0.024340999999999998
0.69653,0.94845,0.20365999999999998,0.022369,0.018378
1.1258,0.8578100000000001,0.33100999999999997,0.022269999999999998,0.046712000000000004
1.3882,0.46146000000000004,0.49008999999999997,0.028671,0.018833000000000003
0.57196,0.5857600000000001,0.57714,0.025499,0.035085000000000005
1.0108,0.99877,0.50742,0.022921,0.029567000000000003
0.6338600000000001,0.6110899999999999,0.92537,0.020628,0.038196
0.41207,0.80735,0.56805,0.024409,0.047897
1.5327,0.53942,0.9936200000000001,0.029263,0.0065214
0.92943,0.21197,0.68771,0.029879000000000003,0.019951
1.2215,0.35616,1.0077,0.020655,0.041867
1.0416,0.26245,0.29070999999999997,0.022415,0.024279
1.4554,0.24075,0.72612,0.026808,0.0014269
0.75834,1.0261,0.33906,0.021412999999999998,0.016177
1.3831,0.49256000000000005,0.7218100000000001,0.021329,0.017258000000000003
0.69999,0.42723999999999995,0.7451399999999999,0.02877,0.017131
1.5932,0.69905,0.11799000000000001,0.023518999999999998,0.04102
1.0905,0.9033200000000001,0.30479,0.026304,0.01495
0.93091,0.39049,0.71783,0.023486,0.046999
0.8825200000000001,0.69065,0.89439,0.020263,0.015031999999999998
1.1701,0.8595,0.39446,0.024477000000000002,0.045445
0.60839,0.58007,0.83052,0.021917,0.042243
0.98045,0.39599,0.72533,0.027614999999999997,0.016798
1.1528,0.55138,0.056714999999999995,0.029514999999999996,0.0074404
0.8984200000000001,0.9048700000000001,0.65217,0.028475,0.045469
1.558,0.35461,0.43677,0.022928,0.0091479
0.65515,0.31676,0.96599,0.027318000000000002,0.033732
1.3405,0.21061999999999997,0.051151,0.027681,0.025072
1.3119,0.7018300000000001,0.51245,0.024752,0.021211
0.64,0.74524,0.47435,0.023645,0.044650999999999996
1.375,0.31387,0.5109199999999999,0.020095,0.00066892
1.5552,0.7472300000000001,0.82016,0.027012,0.040556
0.8610200000000001,0.89669,0.37246999999999997,0.024528,0.010227
0.48203999999999997,0.81885,0.8347399999999999,0.021501,0.022585
0.54573,0.56219,0.52136,0.029881,0.0056535
0.95849,0.16237000000000001,0.085763,0.026963,0.039699
0.9773799999999999,1.0275,0.22587,0.024640000000000002,0.044160000000000005
1.2145,0.44523999999999997,0.77176,0.027255,0.038609
0.83119,0.23283,0.52349,0.021501,0.031106
0.53145,0.70576,0.39111999999999997,0.021986000000000002,0.026195999999999997
1.4017,0.29113,0.6573899999999999,0.024974,0.024136
0.86705,0.9456600000000001,0.78843,0.025349,0.027757999999999998
0.7401,0.18867,0.9674200000000001,0.028194999999999998,0.044411
0.75497,0.51595,0.31906,0.024829,0.036548000000000004
0.6246,0.26364,0.8155,0.02246,0.032073000000000004
1.3398,0.28467,0.23865999999999998,0.021253,0.047063
1.1129,0.6198899999999999,0.3375,0.022319,0.030512
1.5117,0.76517,0.14110999999999999,0.021746,0.0090367
0.51879,0.523,0.62621,0.020064,0.043906
0.42578999999999995,0.44243999999999994,0.73336,0.021446,0.031604
0.5717899999999999,0.34048,0.59659,0.028959,0.01399
1.2726,0.14759,0.47573000000000004,0.025352,0.00086384
0.99774,0.6874399999999999,0.69444,0.02685,0.020087
0.96168,0.82029,0.69762,0.025738,0.045993
0.48083000000000004,0.3345,0.72902,0.026293,0.030668
0.77352,0.7248100000000001,0.68579,0.029597000000000002,0.018907
1.5466,0.48003999999999997,0.9951700000000001,0.021311,0.043078
0.9391299999999999,0.6567,0.25893,0.022744,0.046303
1.1875,0.54752,0.7592800000000001,0.022348,0.032529
0.6663100000000001,0.8778600000000001,0.28623000000000004,0.023818000000000002,0.00018302
0.80181,0.9419700000000001,0.1694,0.025965,0.049701999999999996
0.9041600000000001,0.82545,0.6573,0.029044,0.021335
1.54,0.38695,0.5001399999999999,0.022183,0.023036
1.5982,0.40357,0.50873,0.028772000000000002,0.00087077
0.9848600000000001,0.36404000000000003,0.71194,0.02862,0.017362
0.81005,0.43083,0.82029,0.023719,0.0015493
0.7005899999999999,0.9641,0.71201,0.029968,0.033777
1.5456,0.21263,0.46616,0.029755,0.035075999999999996
1.0958,0.96242,0.8919299999999999,0.028977999999999997,0.043291
0.48353999999999997,0.30772,0.88292,0.022798,0.007167399999999999
1.0011,0.9476399999999999,0.30644,0.025353999999999998,0.044849
1.5288,0.9499200000000001,0.66346,0.026262,0.040527
1.0956,0.57965,0.63225,0.020194999999999998,0.020049
1.3906,0.36172,0.5907399999999999,0.022693,0.041618
1.2990000000000002,0.43977,0.91994,0.02035,0.039681
1.0794,0.21165,0.31478,0.02131,0.044045999999999995
0.73907,0.82401,0.36807,0.020508000000000002,0.0117
0.9429799999999999,0.31525,0.9898299999999999,0.026931,0.02982
0.65888,0.17589000000000002,0.69555,0.029800999999999998,0.020446000000000002
0.9167700000000001,0.79177,0.52946,0.026782,0.045138
1.2592,0.43656000000000006,0.6893199999999999,0.025526,0.0078833
0.8003100000000001,0.93666,0.59472,0.021318,0.014003
0.71465,1.0202,0.69731,0.023150999999999998,0.022721
0.40351,0.74732,0.5938899999999999,0.022874000000000002,0.033835000000000004
0.55145,0.60838,0.77105,0.021699,0.026264999999999997
1.5688,0.61863,1.0437,0.023443000000000002,0.012858000000000001
0.76544,0.20521999999999999,0.26868000000000003,0.029552,0.0013664999999999999
0.87215,0.67547,0.1558,0.024762,0.003948
1.5919,0.52596,0.1597,0.027161,0.024411000000000002
1.4581,0.9988100000000001,0.11359000000000001,0.027343,0.0034344
1.0248,0.4616,0.45458000000000004,0.024191,0.046036
1.3897,0.5034,0.49837,0.027094999999999998,0.0136
0.69689,0.60436,0.41581999999999997,0.029914,0.0024289999999999997
1.4473,0.30543000000000003,0.8135,0.020357,0.041727999999999994
1.5506,0.42861000000000005,0.6779,0.02175,0.0034422
1.2579,0.8498399999999999,0.8219799999999999,0.025448,0.044483
1.1288,0.8980100000000001,0.98285,0.023239,0.00061285
1.4033,0.73585,1.0227,0.029779000000000003,0.042484
0.94986,0.5495899999999999,0.24203000000000002,0.029573000000000002,0.046655
1.2883,0.95873,0.18887,0.021248,0.036404
1.1408,0.13657,0.74627,0.026195999999999997,0.028461
1.3944,0.7119300000000001,0.14382,0.029833,0.048101
0.7478600000000001,0.47076999999999997,0.5754,0.029027999999999998,0.0066032
1.4341,0.2948,0.58034,0.026095,0.0076133
0.56733,0.25176,0.91114,0.021261000000000002,0.022668
0.99765,1.0305,0.53485,0.02245,0.047298
1.2272,0.19760999999999998,0.44346,0.029538,0.048536
1.41,0.66267,0.72143,0.028720999999999997,0.028207
1.5584,0.71016,0.7912600000000001,0.023038999999999997,0.009976
1.5182,0.65091,0.57005,0.025523,0.016718
1.3435,1.0234,0.39771,0.024516,0.010056
1.3413,0.13921,0.2,0.02034,0.020151
0.6552100000000001,0.33284,0.6360899999999999,0.026233,0.008887
0.5828800000000001,0.4915,0.31215,0.020991,0.043787
0.9428799999999999,0.49742,0.094454,0.027988,0.014415
0.78808,0.42288000000000003,0.80493,0.021227,0.047747000000000005
1.1225,0.8631200000000001,0.4924,0.025741000000000003,0.033953
1.444,0.14654,0.7378,0.024288999999999998,0.014459
0.6799,0.96795,0.40923000000000004,0.023926,0.039945999999999995
1.4713,0.99055,0.7863399999999999,0.020804,0.017679
0.6887,1.0170000000000001,0.44471000000000005,0.027191000000000003,0.021234
0.70538,0.30425,0.73342,0.020712,0.020723
0.8397600000000001,0.66242,0.75405,0.023150999999999998,0.01365
1.4377,0.8606799999999999,0.49231,0.024013999999999997,0.013213999999999998
1.158,0.68921,0.069578,0.025074000000000003,0.020801
1.5884,0.99505,0.38086,0.020977000000000003,0.016078
0.43943999999999994,1.0207,0.47431,0.021746,0.024321000000000002
0.95149,0.29571,0.32027,0.027239999999999997,0.006368199999999999
1.0178,0.70165,0.24705,0.020992,0.021166
1.4716,0.9193100000000001,0.87172,0.021519,0.043515
0.74041,0.26299,0.47991999999999996,0.027186000000000002,0.021815
1.4011,0.92327,0.9377700000000001,0.023375,0.048010000000000004
1.5695,0.83321,0.44118,0.024556,0.007951100000000001
0.6614800000000001,0.94552,0.81911,0.028130000000000002,0.011886
1.4958,1.0063,0.44678999999999996,0.025258000000000003,0.0054214
1.0925,0.9872700000000001,0.85851,0.029191,0.030657
0.56255,0.15693,0.80508,0.025422,0.03005
1.2394,0.41586999999999996,0.4274,0.028165,0.010393000000000001
1.1494,0.28276999999999997,0.26602,0.029564,0.035443
1.2165,0.9461,0.84041,0.023662,0.047921
0.55494,0.59525,0.9993,0.028062,0.035817
1.0724,0.50112,0.37756999999999996,0.028306,0.033795
1.4705,0.5708,0.72126,0.022016,0.0022603000000000002
0.52708,0.36580999999999997,0.48863999999999996,0.024786000000000002,0.034295
0.63446,0.2809,0.8835,0.02111,0.018698
1.4144,0.24939,0.81885,0.026747000000000003,0.020784999999999998
1.4571,0.25266,0.21725,0.025660000000000002,0.045662
1.5219,0.15145999999999998,0.9119799999999999,0.023239,0.011675
0.78074,0.23028,1.0399,0.027568000000000002,0.0039756999999999995
0.43087,0.4566,0.56442,0.023232,0.039233
0.5192899999999999,0.36699,0.9342799999999999,0.021483000000000002,0.00046533
0.93065,0.19159,0.63803,0.023906,0.02937
1.1401,0.14659,0.20475,0.028983,0.030566000000000003
1.2273,1.036,0.24986,0.027462999999999998,0.008486
1.3847,0.64775,0.45695,0.024835,0.018609
0.94034,0.40471,0.79871,0.028816,0.0080702
1.4234,0.51478,0.8755799999999999,0.029388,0.021856
1.501,0.63703,0.83996,0.028257,0.023167
1.5718,0.3933,0.36851999999999996,0.028952,0.023190000000000002
0.44868,0.8566799999999999,0.58406,0.027089999999999996,0.048864
0.83431,0.8578,0.13995,0.025712,0.044039
1.1426,0.82929,0.16171,0.028071,0.036304
1.1702,0.90285,0.18629,0.029937000000000002,0.007023000000000001
0.57865,1.0172,0.72865,0.023778999999999998,0.005852899999999999
0.64299,0.9813700000000001,0.54518,0.02866,0.026489999999999996
0.5261399999999999,1.0241,0.23970999999999998,0.027605,0.0090209
1.301,0.46737,0.54501,0.028247,0.00792
0.8686200000000001,0.8779899999999999,0.10497000000000001,0.023031,0.0048513
0.94842,0.26178,0.90071,0.024771,0.042406
0.70582,0.8753700000000001,0.61056,0.0284,0.0099808
1.4004,0.24616,0.9796100000000001,0.027201,0.015865999999999998
0.9476100000000001,0.18354,0.74667,0.029285000000000002,0.021075999999999998
0.84478,0.8482799999999999,0.63279,0.029893,0.026386
0.5032300000000001,0.87913,0.8654,0.022883,0.031366000000000005
0.5798300000000001,0.87576,0.92901,0.020972,0.006549200000000001
0.80528,0.60722,1.0389,0.020687999999999998,0.012666
1.2690000000000001,0.74764,0.9154399999999999,0.020921000000000002,0.0065822
1.4403,0.68918,1.04,0.025263,0.028316
0.9661700000000001,0.66103,0.57768,0.021304,0.025039
1.1414,0.29914,0.52952,0.023672,0.015358000000000002
0.87418,0.70763,0.85135,0.028064,0.038118
0.7913100000000001,0.43272,0.54809,0.022692,0.0047893
1.3761,0.68619,0.95085,0.027441000000000004,0.041436
1.4961,0.57927,0.62466,0.023147,0.041161
0.93266,0.70138,0.89518,0.020174,0.034277999999999996
0.66656,0.8266899999999999,0.78864,0.02105,0.034413
0.69965,0.9090299999999999,0.6359899999999999,0.023024,0.0054917
0.84625,0.52986,0.29673,0.020179,0.040693
0.94353,0.48532,0.71642,0.024945,0.0053434
1.3154,0.7551899999999999,0.13348,0.020606,0.045714
1.5331,0.48746000000000006,0.67596,0.028801,0.001283
1.4666,1.0144,0.71094,0.027486,0.0085681
0.45188999999999996,0.27891,0.77975,0.028912,0.011124
1.0544,0.40748,0.94075,0.026432,0.0052398
1.2125,0.6991,1.0323,0.029403,0.017891
1.3504,0.9524799999999999,0.81903,0.020019,0.014734
1.3841,0.68086,0.63145,0.025887,0.0049126000000000005
0.72142,0.7619,0.97831,0.029975,0.048172
1.1286,0.6239,0.6300899999999999,0.026399000000000002,0.016335
1.3356,0.48691999999999996,0.066983,0.029968,0.0068843
1.3852,0.56553,0.17085999999999998,0.029126999999999997,0.0083004
1.1687,0.87272,0.91271,0.028066000000000004,0.038754000000000004
1.4199,0.73152,0.5343,0.022309,0.042025
0.45755,0.21581,0.89486,0.029604000000000002,0.040739
1.3288,0.35931,0.25941,0.025963999999999997,0.0092405
0.5019100000000001,0.75757,0.60229,0.029501,0.031978
1.4369,0.8579899999999999,0.67988,0.029097,0.042449
1.2243,0.4964,0.081991,0.026392000000000002,0.041014999999999996
1.3108,0.49005,0.66471,0.020834000000000002,0.042031
1.5656,0.76041,0.41241000000000005,0.028417,0.0045561
0.6978800000000001,0.54411,0.53957,0.024076,0.037636
1.2069,0.7428899999999999,0.24251,0.021884,0.039944
0.8831700000000001,0.3238,0.17307999999999998,0.028649,0.016394
0.71565,0.97172,0.19651,0.026352999999999998,0.048125
1.1162,0.8860399999999999,0.23906999999999998,0.020446000000000002,0.017103
1.5486,0.44192,0.6852,0.023256,0.027472000000000003
0.9320200000000001,1.0227,0.33187,0.024702,0.030154000000000004
0.40936999999999996,0.49998000000000004,0.5886,0.029434,0.045388
0.8478,0.67584,0.74516,0.02454,0.029624
1.4311,0.21771999999999997,0.5491199999999999,0.022246000000000002,0.049113
0.9840899999999999,0.27936,0.5858,0.029594,0.017424000000000002
1.0298,0.84664,0.49518,0.028408999999999997,0.01701
1.5938,0.2096,0.5403600000000001,0.027167,0.046549
0.47852,0.96301,0.903,0.029381,0.017891999999999998
0.5826600000000001,0.6318,0.9239299999999999,0.022463,0.01573
0.59244,0.8650100000000001,0.32029,0.026739,0.011438
1.4504,0.6844100000000001,0.25845999999999997,0.024061000000000003,0.016574000000000002
0.73427,0.20135,0.61498,0.020018,0.0096801
0.8588899999999999,0.40428000000000003,0.6903100000000001,0.025947,0.032977
0.93195,0.98859,0.46703,0.02474,0.0038676
1.4316,0.19424,0.25598000000000004,0.024066999999999998,0.0037056999999999997
0.82362,0.5664,0.9979299999999999,0.026256,0.016544
0.9039,0.75027,0.13207,0.029837,0.033514999999999996
1.3071,0.65476,0.21645999999999999,0.025214,0.040925
0.69993,0.61351,0.67096,0.025577000000000003,0.031935000000000005
1.1825,0.72363,0.62371,0.028622,0.034152999999999996
1.3942,0.43455,0.10207999999999999,0.025807,0.019367
0.64168,0.27554,0.9812,0.023091999999999998,8.1531e-06
0.66719,0.20673000000000002,0.77866,0.020402,0.047975
0.75283,0.80201,0.78784,0.026837,0.048205
1.2938,0.96793,0.1134,0.024475,0.019653999999999998
0.56087,0.40903,0.9104399999999999,0.020416999999999998,0.028263
0.85739,0.61807,0.98441,0.023344999999999998,0.04116
1.4459,0.71441,1.0344,0.028336,0.022917
0.92479,0.67403,0.90894,0.021769,0.017319
0.51659,0.30805,0.8355600000000001,0.026971,0.014161000000000002
1.4529,0.36691999999999997,0.56338,0.028502,0.041826
0.84505,0.70313,0.2276,0.023161,0.018515
0.68788,0.9783200000000001,0.44859,0.022304,0.0028154
1.2238,0.68286,0.08089,0.021863,0.007210800000000001
1.0739,0.35905,0.9891399999999999,0.025827999999999997,0.031731999999999996
1.4623,0.82993,0.35131,0.029783999999999998,0.0030556999999999997
1.5718,0.69421,0.34553,0.026701999999999997,0.008634399999999999
1.2858,0.9476600000000001,0.38294,0.022191,0.030102999999999998
1.4721,0.62626,0.51707,0.024834000000000002,0.031883999999999996
0.64925,0.23542,0.6982,0.021,0.037299
0.86208,0.91204,0.8922100000000001,0.020507,0.032019
1.3292,0.67866,0.6090300000000001,0.025849,0.0070403
1.1716,0.70755,0.9041,0.027956,0.016087
1.2702,0.47389,0.39788,0.022408,0.044848
1.3196,0.8349200000000001,0.10424000000000001,0.026251,0.041662
0.6973,0.53283,0.22710999999999998,0.02652,0.037021
1.2504,0.95809,0.71281,0.026648,0.023454
0.89341,0.8996700000000001,0.38083,0.026204,0.026133
0.74628,0.35620999999999997,0.9484899999999999,0.022035,0.033198000000000005
1.2677,0.42296999999999996,0.16816,0.026876,0.0055158
0.7207399999999999,0.64366,1.0384,0.02334,0.012443000000000001
0.52715,0.67257,0.5899800000000001,0.02481,0.035674000000000004
1.2498,0.48368999999999995,0.75692,0.026316000000000003,0.034499
0.6812,0.34733,1.0495,0.027016000000000002,0.03299
1.0782,0.9042600000000001,0.33785,0.025604000000000002,0.0061825000000000005
1.3531,0.75295,0.46452,0.025561,0.012941
0.66527,0.57873,0.51484,0.02362,0.024565
0.5693600000000001,0.38051,0.81396,0.024429,0.042308
0.69389,0.92353,0.8682,0.029463999999999997,0.017452000000000002
0.80295,0.9929399999999999,0.22812,0.025955000000000002,0.028310000000000002
1.5759,0.82839,0.40963,0.028318,0.017123
1.051,0.68184,0.57189,0.023653999999999998,0.031335
1.1529,0.46923000000000004,0.38585,0.027386,0.030017000000000002
1.3869,0.81239,0.22566999999999998,0.02343,0.025272
0.99324,0.5383,0.25895,0.029410000000000002,0.04046
1.4634,0.23718000000000003,0.95515,0.028441,0.033389
1.0658,0.58843,0.72539,0.029697,0.046143
1.3539,0.33346,0.51847,0.027474000000000002,0.029179000000000004
0.80137,0.96296,0.9621299999999999,0.021613,0.036683999999999994
1.0521,0.29196,0.15400999999999998,0.027775,0.037920999999999996
0.85082,0.40647,0.79555,0.024618,0.03514
1.4483,0.85841,0.78627,0.024921000000000002,0.037065
0.9482799999999999,0.18564,0.6118600000000001,0.025013,0.030673000000000002
0.47226999999999997,0.99674,0.6472100000000001,0.020271,0.034877
1.0938,0.14137,0.34994000000000003,0.026217,0.030418999999999998
0.75745,0.79745,0.18412,0.021468,0.014979
1.0114,0.9664299999999999,0.2626,0.023683000000000003,0.039647
1.0895,0.8740100000000001,0.94494,0.020151,0.037925
1.3181,0.59114,0.12145,0.024819,0.0031395
0.5763,0.8441799999999999,0.29249,0.021647,0.029226
1.5613,0.5052399999999999,0.063283,0.023634,0.03866
1.3954,0.60346,0.94719,0.024522,0.041147
1.4808,0.8155600000000001,0.24666,0.022392,0.0061014
0.8635299999999999,0.57475,0.14337,0.025321,0.014773
0.7834399999999999,0.7548600000000001,0.5060600000000001,0.025534,0.021388
0.78263,0.38665,0.15167,0.022143,0.023174
0.5174300000000001,0.35313,1.0454,0.027567,0.0081548
0.44193000000000005,0.75551,0.38209,0.026974,0.048083999999999995
0.99505,0.3842,0.34735,0.022119999999999997,0.024376
1.0355,0.50856,0.11205,0.026599,0.0059777
1.2534,0.4189,0.34824,0.024009,0.043401
1.5577,0.96806,0.09635099999999999,0.023096000000000002,0.005558100000000001
1.3551,0.76673,0.55543,0.024543000000000002,0.048011
1.0545,0.30694,0.81143,0.022392,0.014532
1.4603,0.14257999999999998,0.68107,0.024658000000000003,0.015515000000000001
1.4674,0.21649000000000002,0.13989000000000001,0.02595,0.03435
1.3826,0.8785700000000001,0.13086,0.023768,0.028774
1.149,0.75665,0.82724,0.020709,0.026565
0.78989,0.9635600000000001,0.9551299999999999,0.027433,0.014572
0.60332,0.96831,0.58377,0.027783999999999996,0.04356
1.3898,0.56928,0.15915,0.029358,0.007462100000000001
1.4578,0.5185,0.8758100000000001,0.022583000000000002,0.039264999999999994
1.5407,0.60527,0.3881,0.026271,0.018775
1.3395,0.58991,0.34397,0.029307999999999997,0.0059296999999999996
0.9423799999999999,0.47276999999999997,0.7963100000000001,0.023237,0.0093708
1.4886,0.2578,0.060337,0.027367000000000002,0.049461
0.7389399999999999,0.90889,0.71792,0.020659999999999998,0.038947
1.4327,0.71968,0.65347,0.026173000000000002,0.022412
1.5956,0.6419,0.5761,0.026914999999999998,0.034712
0.9728700000000001,0.8592799999999999,0.77971,0.029996,0.039753
1.3857,1.0313,0.75725,0.025389,0.023271
0.69218,0.83598,0.8313799999999999,0.027411,0.0061541
0.8481,0.26478,0.33798,0.024156,0.037395
0.43275,0.21041999999999997,0.74253,0.024894,0.0013244
0.78884,0.99155,0.6066699999999999,0.026057,0.018731
1.409,0.41491000000000006,0.44652,0.024015,0.016902
1.5884,0.5222399999999999,0.8301799999999999,0.020416,0.036088999999999996
0.69207,0.6542100000000001,0.38758000000000004,0.026563,0.029299000000000002
0.75738,0.68376,0.65787,0.028102,0.017273
0.41151000000000004,1.0162,0.79125,0.027857,0.042501
1.4157,0.18775999999999998,0.15481,0.026911,0.018734999999999998
0.88279,0.89759,0.59954,0.020624,0.04088
1.1086,0.5728800000000001,0.53523,0.026323000000000003,0.0055088
0.46511,0.9077799999999999,0.94048,0.029283999999999998,0.031787
0.69552,1.0174,0.84896,0.022504,0.049332
0.8395100000000001,0.2896,0.7843399999999999,0.029216000000000002,0.004259399999999999
1.0908,0.99897,0.10132999999999999,0.023171,0.035658999999999996
1.5121,0.86459,0.13853,0.02014,0.0082759
1.2562,0.99198,0.84835,0.026006,0.047835
0.9446899999999999,0.9006700000000001,0.9930100000000001,0.026198000000000003,0.012154
1.5830000000000002,0.703,0.7337199999999999,0.025751999999999997,0.044724
1.4802,0.5050899999999999,0.77272,0.025633999999999997,0.04643
1.4134,0.27465,0.16035,0.025727999999999997,0.007166800000000001
1.4548,0.61137,0.16749,0.021665,0.028813
1.2404,0.54604,0.69072,0.024217,0.049993
0.71348,0.74293,0.37881,0.020219,0.034562
0.57004,0.9538700000000001,0.70381,0.026608999999999997,0.024038
1.3753,0.74655,0.79913,0.022325,0.018862999999999998
1.3094,0.64043,0.6331899999999999,0.02309,0.043912
0.81076,0.61771,0.79003,0.025136000000000002,0.040926
0.9573200000000001,0.18311,0.28483,0.020191,0.047488
0.4356,0.27863000000000004,0.78496,0.0292,0.049208999999999996
1.256,0.45764,1.0206,0.02255,0.012442
1.1404,0.3939,0.9169299999999999,0.028895999999999998,0.029960000000000004
1.2532,0.93485,0.13623,0.029898,0.045225
0.63762,0.5746399999999999,0.41644,0.026201,0.020328
1.5397,0.73134,0.4192,0.021681,0.033441000000000005
1.2293,0.58011,0.7350300000000001,0.028383999999999996,0.020697999999999998
0.99208,0.22576999999999997,0.64794,0.020022,0.042766000000000005
0.6285,0.84531,0.83936,0.022169,0.035232
1.3405,0.43378999999999995,0.41765,0.027607999999999997,0.024749
0.68606,0.8677299999999999,0.25603000000000004,0.028102,0.025263999999999998
0.83434,0.96194,0.13667,0.022668999999999998,0.045614999999999996
0.6079600000000001,0.6603100000000001,0.8219299999999999,0.023941,0.020594
1.4445,0.24161999999999997,0.25567,0.028429000000000003,0.010846
0.59305,0.85583,0.43827,0.029387,0.028512
1.3537,0.76172,0.60178,0.022336,0.041242
1.5131,0.58735,0.27895,0.024988,0.022824
1.1768,0.68933,0.69194,0.027565,0.049612
1.4182,0.18991,0.5344800000000001,0.029550999999999997,0.033206
1.1865,0.24511,0.20185,0.02538,0.040777
1.2194,0.76973,0.83193,0.022237,0.028895
1.4332,0.7058399999999999,0.15061,0.024279,0.041254
0.65473,0.21403000000000003,0.34407,0.022513,0.0034475
1.1822,0.43168,0.28736999999999996,0.023742,0.019699
0.64359,0.89566,0.58087,0.026512,0.016645
0.88636,0.45318,0.1415,0.022274000000000002,0.030094
0.50648,0.41657,0.45532,0.025675999999999997,0.025078
1.3633,0.70834,0.16228,0.025064,0.049956
1.1491,0.9501299999999999,0.8344299999999999,0.020676,0.0087774
0.94784,0.29156,0.34157,0.020988,0.0070878
1.5547,0.70558,0.65353,0.025675999999999997,0.039714
1.328,0.60633,1.0144,0.026846,0.037665
0.7487,0.91238,0.48248,0.022594,0.032971
1.2326,0.89707,0.74475,0.028942000000000002,0.032305
1.4435,0.25877,0.8081,0.0236,0.012458
0.5841,0.94509,0.48263999999999996,0.027563,0.035459
0.9981,0.61541,0.7055,0.025886000000000003,0.0077353000000000005
1.1545,0.55347,0.9837600000000001,0.024404,0.048865
1.064,0.7593300000000001,0.23746,0.026706999999999998,0.0022513999999999998
1.0948,0.15446,0.31618,0.027535000000000004,0.047954000000000004
0.76727,0.46886000000000005,0.84783,0.022047,0.028199000000000002
1.4699,0.98935,0.5376,0.026747000000000003,0.011289
0.7791399999999999,0.31001,0.81896,0.028949000000000003,0.045822
1.3584,0.35385,0.44601,0.028326999999999998,0.0046096
0.48095,0.7187899999999999,0.32294,0.026037,0.0033994
1.0016,0.25824,0.08723500000000001,0.027630000000000002,0.006863800000000001
1.3151,1.0323,0.72329,0.029289999999999997,0.049533999999999995
1.0296,0.15994,0.47956000000000004,0.021546,0.023577
1.0645,0.33816,0.50174,0.025117,0.032438999999999996
1.0654,0.93629,0.65986,0.028064999999999996,0.027168
0.71655,0.14562999999999998,0.36580999999999997,0.024128999999999998,0.022058
0.60742,0.84436,0.8227200000000001,0.022184,0.041197000000000004
0.5301899999999999,0.87785,0.74643,0.023234,0.006824299999999999
1.1179999999999999,0.5996600000000001,0.18015,0.02069,0.049625999999999997
1.56,0.43987,0.14235,0.023481000000000002,0.041699
0.43281000000000003,0.4831,0.47311000000000003,0.029181,0.011855
1.4808,0.15750999999999998,0.70557,0.029002999999999998,0.021331
0.9108700000000001,0.5151100000000001,0.7729199999999999,0.025796,0.028948
0.76836,1.0203,0.58121,0.022847,0.044003
1.2951,0.54184,0.68177,0.028152999999999997,0.025653
0.83596,0.7216100000000001,0.14859,0.022497,0.016964
1.1319,0.9901200000000001,0.19203,0.028783999999999997,0.0014272
1.2893,0.65818,0.21825,0.023464,0.037772
0.7901699999999999,0.32418,0.24625,0.022789,0.028544999999999997
0.60688,0.30069,0.36748000000000003,0.022793,0.030376999999999998
1.1469,1.0045,0.36643000000000003,0.02974,0.0040134
1.2624,0.86429,0.26755999999999996,0.024706,0.036208
0.55984,0.8885299999999999,0.30104000000000003,0.025738999999999998,0.031839
1.4965,0.63053,0.9429200000000001,0.021713,0.021100999999999998
1.0526,0.7579199999999999,0.75322,0.022466,0.015099000000000001
1.4623,0.6099600000000001,0.60574,0.027065,0.010208
1.024,0.57476,0.9638,0.0264,0.0032506
0.9501700000000001,0.1345,0.75672,0.029423,0.041727999999999994
0.9233,0.5836,0.6077899999999999,0.021567,0.0049204999999999995
1.2371,0.45458999999999994,0.36343000000000003,0.023456,0.025986000000000002
0.7358600000000001,0.29286999999999996,0.2162,0.026126,0.018212
0.65332,0.26304,0.6725,0.020525,0.036871
1.3835,0.69592,1.0379,0.024711,0.037349
1.349,0.75785,0.22043000000000001,0.021093999999999998,0.046975
1.5447,0.27514,0.30779,0.02762,0.024123
0.8959299999999999,0.43021000000000004,0.4468,0.022040999999999998,0.016807
1.5565,0.24971999999999997,0.12399,0.026456,0.0090835
1.4369999999999998,0.5161100000000001,0.7341,0.02537,0.033718
0.68085,0.20031,0.45238999999999996,0.022165999999999998,0.037795
1.0417,0.8006800000000001,1.0328,0.022062000000000002,0.030705
0.50684,0.68601,0.45218,0.027282,0.023282
1.548,0.6624899999999999,0.67067,0.028131,0.015837
0.74924,0.3203,0.43135,0.027532,0.02308
1.3756,0.26056,0.80811,0.02045,0.028737000000000002
0.64447,0.64698,0.92111,0.021791,7.8385e-05
1.5946,0.70518,0.40078,0.020299,0.021405
0.63436,0.25803000000000004,0.73554,0.021325999999999998,0.025981
0.5613,0.5131,0.34415,0.0215,0.0060618
0.9509799999999999,0.73052,0.58063,0.023415000000000002,0.008169800000000001
1.197,0.9322600000000001,0.8824200000000001,0.027964999999999997,0.045265
0.5925699999999999,0.55977,0.64749,0.028535,0.010185
0.60346,0.29925,0.38531,0.021793,0.034796
0.56172,0.35728000000000004,0.34923000000000004,0.027574,0.012694
0.7265,0.9166700000000001,0.50259,0.024354,0.0040694
1.0071,0.61483,0.47265,0.021758,0.0038434
0.43596,0.9668399999999999,0.40961000000000003,0.029472,0.026565
0.48171,0.9585100000000001,0.60832,0.021515,0.017163
0.51549,0.83355,0.79255,0.024863,0.042058
0.91666,0.78269,0.47433000000000003,0.021026,0.0014832
0.58304,0.69495,0.47936000000000006,0.026930000000000003,0.010356
1.2994,0.79084,0.17487,0.02399,0.045264
0.67909,0.86885,0.34019,0.0223,0.034955
0.6332899999999999,0.75863,0.7036899999999999,0.025325,0.020513999999999998
1.2321,0.9243100000000001,1.0069,0.027951,0.0059153999999999995
0.64972,0.6292,0.9857299999999999,0.024263999999999997,0.019127
1.5128,0.5058199999999999,0.50789,0.027098,0.041221
1.1615,0.96388,0.29048,0.025769999999999998,0.017889
1.5171,0.19665,0.8139,0.024793,0.044992000000000004
0.72644,0.7802100000000001,0.80933,0.022949,0.019045
1.4009,0.55137,0.79065,0.026626999999999998,0.0018710999999999999
1.1232,0.19071,0.79369,0.02708,0.0017707999999999999
1.2366,0.2266,0.15592,0.028078,0.0027372
1.4742,0.8373,0.73156,0.028472000000000004,0.042710000000000005
1.0273,0.44072,0.51326,0.021124,0.0073905
1.3696,0.8378700000000001,0.26216,0.023038999999999997,0.023506
1.3925,0.7614,0.14852,0.028179000000000003,0.037718
1.1413,0.63315,0.8735700000000001,0.021811,0.030952999999999998
0.91858,0.48536999999999997,0.22501,0.020768000000000002,0.021637
0.9437399999999999,0.37069,0.21356999999999998,0.025981999999999998,0.040619999999999996
1.1072,0.9070600000000001,0.71599,0.029876999999999997,0.004172100000000001
1.5319,0.53476,0.94439,0.029876,0.047760000000000004
0.46811,0.85249,0.5665600000000001,0.025776999999999998,0.036529
1.1222,0.71187,0.7527,0.028089,0.015082
1.0377,0.7503,0.20359000000000002,0.020562,0.022261000000000003
1.5721,0.46052,1.0035,0.020364,0.007640100000000001
0.82994,0.12584,0.5908800000000001,0.024577,0.01976
0.6945899999999999,0.8214600000000001,0.72973,0.027267000000000003,0.049362
1.4695,0.42731,0.086563,0.027932,0.046183
0.49015,0.60715,0.8592,0.022825,0.04855
1.5412,0.41703999999999997,0.79862,0.020636,0.043633
1.4847,0.54732,0.17019,0.028995999999999997,0.007283800000000001
0.8287100000000001,1.0379,0.57505,0.022599,0.029388
0.57486,0.8960600000000001,0.37583,0.029526999999999998,0.014275999999999999
1.4289,0.65961,0.59645,0.029673,0.039768
0.65759,0.49387,0.44888,0.029837,0.015235
1.5431,0.26964,0.46508999999999995,0.028263,0.032751999999999996
1.5512,0.66223,0.30539,0.023196,0.021064
0.93221,0.61748,0.9736799999999999,0.022992,0.030631
1.5252,0.9810700000000001,0.7037,0.025961,0.025748000000000004
0.9984,0.4549,0.98261,0.029568999999999998,0.015234000000000001
1.0564,1.0217,0.21350999999999998,0.027097000000000003,0.037025
1.2506,0.84851,0.9711,0.025897000000000003,0.0025166
0.78156,0.1358,0.8446600000000001,0.025195,0.013236000000000001
0.8022100000000001,0.69293,0.62739,0.025519,0.044883
1.0801,0.18869,0.49004,0.026216000000000003,0.028730000000000002
1.0163,0.44201999999999997,0.30761,0.026562,0.026652
1.5145,0.40338,0.80195,0.026032,0.035351
1.4239,0.48618999999999996,0.11419000000000001,0.021199000000000003,0.040951999999999995
1.4504,0.6729999999999999,0.81733,0.020472999999999998,0.026782999999999998
0.6630699999999999,0.50973,0.7212,0.024987,0.049805
0.88177,0.19833,0.7652100000000001,0.025511000000000002,0.043463
1.4283,0.30214,0.69206,0.028675,0.03059
1.324,0.36414,0.46905,0.022057,0.0030611
0.44141,0.83406,0.44076000000000004,0.029427999999999996,0.039423
0.46666,0.56052,0.8661399999999999,0.025648,0.040336000000000004
0.5956899999999999,1.0182,0.36743000000000003,0.029684,0.016012000000000002
1.1797,0.23229,0.86454,0.020782,0.043708
0.79929,0.52022,0.8390700000000001,0.020943,0.022822
1.1038,0.52151,0.9022600000000001,0.027696,0.045791000000000005
0.8565799999999999,0.17415999999999998,0.5556399999999999,0.025456,0.040364
0.55867,0.97746,0.68566,0.027829000000000003,0.035835000000000006
0.47186999999999996,0.79557,1.0009,0.026160000000000003,0.043592
1.5116,0.23659000000000002,0.49396,0.022211,0.025508000000000003
1.4706,0.86218,0.11002,0.029188,0.028592000000000003
0.76559,0.71527,0.91675,0.029993000000000002,0.049273000000000004
0.90535,0.98955,0.68119,0.026755,0.0013868
1.4480000000000002,0.68024,0.40507,0.025606,0.020380000000000002
1.4854,0.35915,1.047,0.020925,0.042373
1.3781,0.60041,0.27416999999999997,0.024446000000000002,0.006548600000000001
1.3365,0.96047,0.70245,0.022744999999999998,0.004887600000000001
0.9946200000000001,0.9141,0.65499,0.022137999999999998,0.018584
0.47805,0.5112,0.43725,0.024366,0.033658999999999994
0.6351,0.9792700000000001,0.19219,0.022577,0.016613
1.2967,0.39479000000000003,0.07513500000000001,0.027719999999999998,0.049035
1.0119,0.7974600000000001,0.47111000000000003,0.024215,0.021658
0.58316,1.0351,0.2341,0.024798,0.006921899999999999
1.5048,0.4166,0.77578,0.021149,0.042868
0.8363200000000001,0.71234,0.42036,0.022384,0.047093
1.4828,1.0004,0.89156,0.020163,0.004914899999999999
1.3512,0.96759,0.78423,0.021012,0.0032743000000000004
1.2154,0.89755,0.62103,0.027974000000000002,0.038525
1.4432,0.29034,0.22685999999999998,0.028462,0.019886
0.44845,0.9042399999999999,1.0074,0.024361,0.0033529000000000002
0.9837899999999999,0.8216399999999999,0.31532,0.021312,0.022694
0.92637,0.39854,0.9745799999999999,0.023188999999999998,0.012952000000000002
0.6148399999999999,1.0177,0.27376999999999996,0.022058,0.0040371
0.78289,0.67476,0.42356000000000005,0.023928,0.031454
1.4683,0.28844000000000003,0.1375,0.027285000000000004,0.012704
1.5130000000000001,0.8237200000000001,0.69012,0.025598,0.022368
0.78276,0.62038,0.23062,0.020597999999999998,0.010684
0.9069799999999999,0.47458999999999996,0.095051,0.023122999999999998,0.037562
1.3665,0.96767,0.77317,0.029449,0.013142
1.3845,0.2858,0.39744,0.024385,0.0107
1.4767,0.75162,0.71062,0.026626,0.022224
1.5315,0.3062,0.67735,0.023504,0.012791
1.5737,0.8362,0.96057,0.020687999999999998,0.0018896000000000002
0.49471000000000004,0.32875,0.85056,0.02205,0.012819999999999998
1.3739,0.45348999999999995,0.79585,0.020115,0.035633
0.9042,0.86269,0.86311,0.027301,0.023055000000000003
1.3139,0.8232200000000001,0.43331000000000003,0.020263999999999997,0.021388
0.91274,0.7654,0.66728,0.027313999999999998,0.037913
1.4445,0.30746999999999997,0.62549,0.020051,0.037127
0.71207,0.81006,0.58005,0.024544,0.007776100000000001
1.4656,0.14679,0.32506999999999997,0.021203,0.0069342
0.45195,0.8872899999999999,0.29863,0.023181,0.043751
1.2586,0.21659,0.50164,0.021324,0.019452
1.5733,0.63654,0.27771,0.027872000000000004,0.031512
1.541,0.90979,0.85445,0.028988,0.042281
1.0499,0.44401999999999997,1.0361,0.020358,0.0018373
1.5530000000000002,0.16766,0.079992,0.025236,0.041479
1.4271,0.8021199999999999,0.5856600000000001,0.022975,0.034448
0.80989,0.9598899999999999,0.85209,0.024865,0.004037300000000001
1.4635,0.9771200000000001,1.0391,0.024727000000000002,0.039322
0.45587,0.62452,0.9894,0.022106999999999998,0.0021433000000000003
0.50049,0.58331,0.7338399999999999,0.020069999999999998,0.028725
1.0958,0.63272,0.8337399999999999,0.023275999999999998,0.03112
1.4753,0.53415,0.58414,0.029586,0.029261000000000002
0.9834299999999999,0.9378,0.9353600000000001,0.022468000000000002,0.025806
1.3028,0.42618999999999996,0.9490000000000001,0.02733,0.0023915
0.53184,0.61344,0.67594,0.028818,0.046387
1.1192,0.28507,0.18787,0.025914,0.039777999999999994
0.81592,0.37803000000000003,0.2678,0.029445,0.020918
1.3940000000000001,0.62049,0.23214,0.028742,0.027794
1.0817,0.95524,0.09182,0.025022,0.016443
1.495,0.32955,0.15694,0.028355,0.021915
0.60205,0.47911000000000004,0.6664399999999999,0.026983,0.019428
0.8374,0.50767,0.98966,0.023453,0.0055934
0.79804,0.93939,0.40446,0.023088,0.0001054
0.4341,0.58905,0.46063000000000004,0.020827000000000002,0.023997
0.56424,0.48258,1.0343,0.029302999999999996,0.048677
0.97477,0.5243899999999999,0.9955799999999999,0.024782,0.001527
0.45321000000000006,0.22821999999999998,0.72664,0.023288999999999997,0.016018
1.0667,0.20272,1.0383,0.02471,0.00088011
1.587,0.26478,0.8168300000000001,0.025342,0.036215
0.4036,0.85921,0.3867,0.026001999999999997,0.00392
0.79097,0.82668,0.71238,0.022318,0.0023794000000000003
1.1274,0.24885,0.29417,0.024197999999999997,0.033974000000000004
0.82816,0.42152,0.34551,0.020541,0.039642000000000004
0.49377,0.69255,0.73018,0.026219,0.043715
0.71018,0.60773,0.57785,0.024263,0.015674
1.3766,0.50665,0.46158999999999994,0.020101,0.045589
1.3217,0.36084,0.65264,0.022632,0.00042448
0.59846,0.46235,0.80052,0.025067,0.0067822
0.56803,0.52028,0.63353,0.021762,0.048888
0.69299,0.6449699999999999,0.6017899999999999,0.021593,0.025972000000000002
0.78985,0.47179,0.63357,0.022047,0.027221
0.9745299999999999,0.45303999999999994,0.56182,0.021575,0.046132
0.42213,0.81303,0.76957,0.025006,0.0086748
1.2838,0.5701,1.0462,0.025917000000000003,0.0027906
0.9372799999999999,0.15339,0.40453,0.021786,0.036858
1.0583,0.7657,1.0213,0.022354,0.038012
1.5839,0.46971,0.39645,0.021015,0.036761
